Multiple size <= 100
TEST 1 ARG:89 58 12 76 0 15 52 64 80 50 5 48 79 59 86 57 66 9 45 31 11 97 1 8 78 88 10 55 33 37 75 42 96 6 67 2 44 43 32 39 51 61 26 41 69 13 29 62 53 20 35 81 99 24 65 72 17 70 40 82 83 77 38 63 28 25 49 71 18 93 54 47 68 91 16 3 14 19 22 95 60 90 7 98 4 87 84 46 23 94 30 36 73 21 74 85 92 34 56 27 
TEST 2 ARG:38 31 5 45 87 98 99 97 62 29 73 59 34 47 93 60 10 92 7 72 80 42 21 2 55 3 84 41 28 33 40 54 78 53 90 4 67 14 86 57 44 26 66 52 94 22 24 71 16 17 51 50 46 56 70 12 95 39 91 96 77 15 6 85 79 1 9 23 64 49 35 20 18 68 63 48 75 82 76 43 30 0 32 19 88 36 81 58 74 83 11 13 37 25 89 65 27 69 61 8 
TEST 3 ARG:4 34 47 3 56 44 67 74 6 5 0 27 55 33 11 29 17 81 35 42 62 77 45 70 61 85 66 84 57 87 18 76 98 80 49 86 26 21 60 39 93 78 31 28 40 2 88 79 8 75 36 14 65 53 13 89 23 1 54 37 9 32 38 63 58 30 22 43 68 94 16 91 83 20 59 48 52 10 97 41 12 51 71 72 99 25 24 46 69 90 64 50 19 92 82 73 15 96 7 95 
TEST 4 ARG:94 80 24 82 64 35 23 87 30 11 12 63 43 47 26 62 22 33 6 46 51 77 2 75 78 98 10 21 14 79 68 97 88 72 16 39 65 52 42 58 84 9 7 48 81 92 19 4 83 53 45 49 59 32 93 89 54 34 18 31 17 56 27 5 67 85 50 25 3 95 37 55 1 40 29 0 44 20 96 76 8 57 66 69 71 41 36 13 28 61 90 74 38 15 70 86 91 73 60 99 
TEST 5 ARG:41 46 37 49 22 12 82 31 36 65 73 48 56 17 47 90 50 10 32 64 14 0 34 35 43 80 7 44 40 21 42 38 85 99 71 15 55 2 76 74 1 62 70 27 54 45 87 5 86 20 18 75 11 72 81 92 79 23 24 97 59 9 52 19 4 57 98 53 51 78 89 91 30 69 68 67 96 60 28 13 94 29 39 3 83 58 26 93 8 6 16 66 61 25 63 95 77 84 88 33 
TEST 6 ARG:9 90 75 42 37 81 19 95 43 50 15 74 89 51 61 91 60 2 69 18 57 79 78 14 52 93 35 12 38 11 6 85 25 97 86 3 32 98 30 83 92 21 59 70 33 84 7 39 99 65 44 72 31 27 71 45 16 17 66 23 67 5 80 36 1 13 68 56 54 96 22 62 64 55 29 8 20 28 34 0 77 73 76 24 53 4 87 58 48 46 49 10 47 26 88 63 82 41 40 94 
TEST 7 ARG:65 30 0 10 74 63 84 42 29 54 3 58 26 43 31 44 11 68 6 73 1 93 57 13 78 35 9 92 95 39 91 34 28 45 60 85 90 47 86 79 97 19 15 4 2 67 7 46 77 98 83 27 25 53 89 81 38 59 33 37 52 5 64 87 62 22 96 17 56 16 82 70 40 18 50 12 20 49 41 24 88 21 69 8 51 94 71 36 75 99 32 14 61 55 23 76 80 72 48 66 
TEST 8 ARG:14 30 6 80 79 84 95 33 69 36 42 52 68 71 50 39 97 93 37 85 26 75 76 49 86 99 60 98 45 91 35 38 10 88 58 21 25 62 67 90 57 23 16 48 12 47 11 31 59 2 81 27 89 51 41 1 20 53 32 63 55 77 7 3 73 8 82 83 34 54 22 46 40 96 17 66 44 56 24 92 5 94 19 0 65 70 28 78 9 87 74 29 18 4 72 43 61 15 64 13 
TEST 9 ARG:34 68 56 15 30 52 48 63 20 88 47 76 51 70 66 78 86 17 44 32 46 31 94 18 81 54 65 19 29 87 97 16 95 91 84 6 77 5 41 22 49 26 98 43 99 55 42 12 50 4 75 38 61 59 8 71 10 83 36 35 72 93 3 58 11 33 9 21 23 53 25 13 92 67 85 7 74 27 1 64 89 0 62 60 79 82 73 24 80 90 57 40 69 2 39 37 45 96 14 28 
TEST 10 ARG:97 55 7 0 41 57 27 60 12 31 43 37 83 8 22 16 94 53 96 21 1 86 65 3 68 33 45 77 47 70 44 26 36 10 48 51 99 71 58 19 69 73 6 67 9 76 93 59 4 30 78 32 88 61 23 85 14 15 2 54 62 56 11 81 24 89 87 91 49 95 50 72 25 92 28 75 46 63 13 52 5 18 20 82 80 98 74 84 40 17 66 38 79 34 90 29 64 42 39 35 
TEST 11 ARG:40 66 69 61 68 18 33 99 35 30 45 52 31 4 88 11 56 12 89 76 43 14 37 98 97 47 3 74 84 55 26 15 77 58 62 39 9 0 64 25 36 7 13 86 87 38 65 8 5 91 71 90 82 73 42 72 34 27 50 24 22 32 53 2 78 81 96 41 49 93 83 21 54 79 85 70 20 59 44 60 57 94 19 51 17 92 95 10 46 29 6 63 48 23 1 28 75 16 80 67 
TEST 12 ARG:88 44 57 68 21 72 62 19 16 22 42 77 30 27 98 60 33 87 58 86 6 79 56 14 76 93 78 61 9 10 48 47 25 1 63 90 51 20 29 89 40 83 46 36 99 70 0 32 43 26 85 92 28 96 97 12 34 4 35 55 52 94 80 69 31 49 71 64 74 11 67 3 65 13 95 15 45 39 82 8 17 81 84 38 91 73 66 54 50 53 7 41 23 5 2 37 59 75 18 24 
TEST 13 ARG:64 85 22 97 74 94 53 69 93 41 65 13 99 58 40 86 12 10 52 39 60 44 47 32 82 38 17 61 92 91 5 72 35 11 88 36 9 83 34 33 18 0 62 29 27 48 67 78 90 24 77 96 59 68 23 14 81 54 1 79 16 20 87 71 56 31 57 70 75 51 43 84 95 26 45 3 4 19 15 28 89 76 37 8 50 6 42 2 46 80 30 98 66 73 63 21 7 49 55 25 
TEST 14 ARG:73 19 7 90 54 96 55 37 84 5 53 99 51 61 33 44 18 79 16 69 88 68 60 62 50 35 94 36 11 24 42 64 8 86 27 2 31 43 39 71 26 92 57 20 67 25 9 29 4 6 30 0 87 95 15 72 1 38 49 75 89 22 76 81 83 58 66 48 63 28 82 77 59 21 32 34 97 17 56 23 98 70 10 12 45 47 40 85 14 46 41 13 74 93 65 3 52 80 91 78 
TEST 15 ARG:94 72 19 20 56 43 7 6 8 59 79 15 36 45 74 0 48 1 21 66 86 76 62 73 29 14 53 60 70 78 57 83 3 18 71 96 46 80 89 85 44 27 25 75 82 38 84 11 99 34 35 17 97 33 39 23 31 55 41 64 63 95 52 81 40 87 5 77 24 67 92 9 68 37 65 2 4 26 49 58 93 32 16 42 98 91 47 90 12 69 28 30 88 54 10 61 13 51 50 22 
TEST 16 ARG:69 8 62 49 11 30 48 45 13 0 75 5 16 55 97 54 66 41 26 76 78 80 20 25 61 63 88 94 33 23 42 51 27 65 73 83 67 37 68 19 95 72 43 3 46 50 74 28 6 57 86 60 22 40 89 56 4 10 87 31 7 77 47 38 91 14 85 9 18 82 71 52 90 35 21 24 32 93 58 59 2 39 1 34 44 84 70 29 36 99 64 81 79 53 12 17 96 15 98 92 
TEST 17 ARG:92 29 91 85 61 44 79 35 70 59 74 46 40 34 26 1 93 8 50 55 94 32 19 90 49 87 78 68 47 43 56 51 37 5 67 18 23 14 15 62 0 81 89 13 99 22 4 31 60 41 28 66 97 77 10 88 30 27 16 24 64 63 76 33 12 69 11 45 72 9 80 98 54 25 58 36 75 71 42 73 38 86 6 21 96 2 7 17 95 39 84 20 52 57 65 83 53 82 48 3 
TEST 18 ARG:52 16 51 69 39 99 31 93 58 54 90 91 89 40 35 29 17 0 87 68 78 64 36 80 24 27 28 43 32 50 6 67 63 30 44 21 23 60 33 7 72 81 86 61 55 79 37 70 15 20 11 42 22 62 46 2 82 14 8 18 57 88 73 5 38 26 10 4 59 56 77 41 94 71 53 84 97 75 66 47 76 92 45 1 13 49 34 12 83 48 74 3 95 19 98 65 25 85 9 96 
TEST 19 ARG:85 48 91 13 4 16 71 74 17 69 68 21 64 98 30 22 72 2 0 8 6 89 67 35 82 38 20 56 60 42 93 50 96 80 41 54 90 39 66 76 58 53 37 52 78 55 86 62 87 14 15 9 29 45 77 28 18 1 99 63 81 33 97 11 12 36 10 92 3 43 31 73 46 32 19 49 23 83 94 47 40 7 95 25 70 51 26 27 61 75 65 5 88 24 79 34 44 84 59 57 
TEST 20 ARG:13 77 94 12 39 59 69 26 68 20 61 7 31 91 15 50 57 64 22 71 79 4 5 96 95 11 78 70 92 89 51 99 87 8 90 53 66 2 44 97 81 73 0 49 80 21 46 74 48 16 41 36 72 23 28 98 83 6 17 27 75 85 58 76 25 67 19 40 55 3 29 9 88 35 93 14 52 33 56 82 63 84 45 30 43 18 10 65 62 37 1 54 60 42 47 24 38 34 32 86 
TEST 21 ARG:59 79 92 67 19 61 91 78 93 66 28 55 69 33 22 42 72 6 47 54 39 95 25 24 14 32 21 60 13 43 86 70 45 9 48 90 30 98 62 16 35 31 56 29 4 20 18 74 82 76 99 40 89 63 37 75 2 17 87 73 57 3 23 81 96 0 51 15 84 36 10 41 80 97 38 64 8 53 1 5 52 65 11 71 26 88 46 85 44 77 49 27 50 68 7 34 94 58 12 83 
TEST 22 ARG:93 68 9 47 73 54 2 36 65 45 13 83 88 76 62 72 5 99 81 79 31 40 95 55 8 43 32 22 20 27 89 33 1 75 14 61 25 63 18 67 64 26 29 4 66 42 21 16 80 44 0 70 84 51 38 97 10 49 52 19 59 50 56 28 86 78 87 57 6 3 35 34 90 41 15 23 77 17 37 71 74 82 58 98 24 7 53 46 85 96 94 12 11 39 60 69 91 92 30 48 
TEST 23 ARG:74 75 93 31 15 79 42 97 63 21 56 14 87 1 78 20 33 60 98 39 58 94 73 80 29 8 52 37 57 61 28 40 27 48 65 76 7 25 59 53 26 54 41 11 99 46 68 13 38 50 64 91 9 82 3 34 86 19 90 43 85 51 5 95 32 17 45 77 88 36 67 22 12 84 71 81 2 69 4 35 62 30 10 16 72 66 49 23 6 47 55 0 44 18 70 24 96 89 92 83 
TEST 24 ARG:37 95 85 51 13 54 99 80 77 78 29 28 48 12 64 69 56 8 62 50 36 11 18 55 88 70 98 17 3 90 79 45 43 19 16 93 6 92 74 61 89 34 23 60 41 76 24 1 5 42 10 4 33 81 73 63 75 22 91 0 46 72 27 39 68 67 83 59 58 9 31 84 96 86 32 38 65 87 97 71 52 20 53 94 21 15 14 57 44 66 40 49 26 7 2 47 25 82 30 35 
TEST 25 ARG:47 59 98 93 0 76 16 22 95 97 29 35 9 23 30 84 83 39 27 33 41 1 19 71 75 17 28 87 96 61 73 52 49 53 85 89 68 86 79 43 2 69 77 46 56 91 32 5 8 45 78 48 34 25 20 60 13 57 24 11 54 21 94 90 82 64 26 70 14 4 99 42 58 65 74 6 81 92 12 44 31 62 80 50 10 38 72 7 37 3 66 67 18 40 55 63 88 51 36 15 
TEST 26 ARG:79 45 85 23 55 78 54 13 34 92 58 0 72 62 40 29 26 33 52 12 67 21 99 16 7 11 36 88 8 15 90 87 37 41 9 83 1 61 51 44 53 81 5 98 17 14 64 35 84 96 50 20 65 91 80 66 56 24 38 43 60 31 27 3 82 30 19 75 70 71 94 76 69 48 4 25 59 68 77 47 95 28 74 22 86 46 49 39 6 32 73 93 18 89 97 2 63 42 57 10 
TEST 27 ARG:6 85 84 35 94 79 39 38 28 44 17 19 52 25 93 53 77 62 7 24 41 68 18 71 74 63 88 96 29 15 70 86 92 13 42 57 9 51 81 2 8 50 48 60 65 76 98 89 90 5 66 20 0 1 22 16 34 87 83 49 97 31 67 30 46 78 3 37 45 32 73 56 14 40 26 95 12 69 80 33 59 11 82 55 54 27 91 43 99 10 47 4 72 64 21 75 23 58 61 36 
TEST 28 ARG:89 54 45 51 39 29 23 3 91 71 74 11 72 12 48 43 53 96 28 67 4 34 38 16 76 93 90 40 73 46 63 66 18 10 86 42 15 35 49 2 82 37 44 56 69 13 30 55 50 5 19 0 33 61 25 75 68 79 80 20 84 36 62 31 70 17 7 77 92 27 21 65 97 52 88 41 6 8 32 95 94 14 99 1 85 47 87 9 58 81 60 26 57 24 64 78 98 22 83 59 
TEST 29 ARG:23 83 24 77 63 80 58 61 96 62 13 3 35 70 73 72 25 44 53 69 12 81 22 92 0 54 42 55 59 7 40 32 93 60 15 43 41 19 68 66 28 90 98 75 45 38 26 94 56 91 74 20 2 18 49 50 33 87 85 34 89 46 21 67 6 1 5 39 10 88 17 4 47 71 30 79 65 27 99 29 84 78 95 97 82 9 51 57 48 64 14 8 52 16 37 31 36 76 86 11 
TEST 30 ARG:1 8 65 49 79 70 46 64 78 81 10 34 33 59 20 75 21 50 41 76 51 37 17 83 13 85 57 6 40 11 35 62 9 31 53 7 74 26 18 72 32 16 25 45 68 22 96 69 88 12 60 82 55 97 38 42 47 73 94 43 3 80 54 56 28 93 44 63 39 36 89 23 15 24 61 14 58 4 30 92 86 52 19 91 5 67 2 90 0 48 66 27 99 95 71 98 84 29 87 77 
TEST 31 ARG:36 83 33 11 95 58 89 38 69 16 81 42 64 40 53 10 37 22 80 92 47 21 19 27 70 50 1 31 87 3 97 17 43 39 15 59 23 93 20 8 52 29 51 30 63 62 90 6 86 68 35 48 74 55 61 4 49 77 75 7 28 44 25 26 94 12 14 79 66 82 0 72 73 60 76 88 57 5 99 71 9 78 98 46 45 67 24 41 2 32 34 54 85 18 65 13 96 91 84 56 
TEST 32 ARG:0 28 48 62 54 44 84 33 76 12 36 58 39 47 49 53 71 99 96 16 2 85 73 82 93 72 61 5 51 29 26 70 80 6 22 91 3 34 37 75 31 24 14 9 38 90 55 57 67 86 74 4 60 11 94 95 68 18 21 98 32 27 46 20 65 45 56 59 8 35 43 83 81 52 1 40 19 97 64 88 69 63 50 25 17 13 89 66 15 79 92 78 42 87 30 77 23 7 10 41 
TEST 33 ARG:19 62 68 90 65 93 85 12 24 75 37 26 58 34 70 35 97 52 64 42 29 55 41 18 21 31 88 63 54 45 17 8 81 3 14 74 76 78 23 28 49 83 50 32 46 27 10 61 43 71 5 1 40 33 13 51 95 11 98 9 69 94 15 92 79 7 38 36 4 25 80 87 22 59 2 20 77 91 30 39 67 16 96 57 56 99 89 6 82 60 86 47 48 73 44 84 0 72 66 53 
TEST 34 ARG:83 52 74 58 41 11 22 19 32 16 63 26 14 37 59 23 67 85 75 69 93 90 20 62 84 44 66 17 28 24 99 21 88 54 33 94 46 49 15 27 13 53 92 72 79 82 81 87 61 89 12 0 71 98 4 96 43 95 68 10 45 5 50 29 65 47 73 97 77 8 70 56 48 91 55 1 42 57 60 39 34 9 3 36 6 51 64 40 35 7 25 38 18 30 80 31 76 86 2 78 
TEST 35 ARG:99 92 67 3 59 0 65 98 24 75 60 85 40 62 31 78 14 6 53 1 30 96 52 50 54 89 44 76 68 33 72 64 84 90 15 79 49 13 70 83 34 88 29 66 4 58 35 25 38 73 10 93 77 47 45 16 36 42 94 61 2 57 12 87 51 63 20 43 56 19 21 18 7 22 95 28 82 41 37 81 23 9 5 17 69 91 8 27 11 48 97 80 74 46 86 39 71 26 55 32 
TEST 36 ARG:49 60 11 13 83 86 69 8 3 31 84 0 72 77 58 63 23 64 35 1 95 75 18 27 41 37 5 56 79 47 98 10 26 34 57 36 68 53 46 66 71 90 25 65 22 24 21 4 73 99 62 74 9 70 7 87 2 80 54 67 48 61 42 82 91 88 32 94 55 28 16 45 6 97 43 19 51 30 44 29 40 14 89 96 50 39 15 76 92 38 12 81 59 93 52 78 33 85 17 20 
TEST 37 ARG:49 85 41 75 20 38 81 67 11 82 26 31 77 40 5 48 42 66 90 96 97 43 35 28 56 60 84 9 58 8 16 71 25 63 21 61 24 62 10 88 33 83 29 13 73 79 59 69 34 0 4 98 55 37 76 92 23 86 87 54 32 27 57 6 12 53 72 46 65 80 30 22 2 7 94 78 89 68 1 36 19 50 44 15 47 14 45 51 93 99 95 3 64 91 18 39 74 70 52 17 
TEST 38 ARG:76 8 39 5 93 36 80 47 27 67 79 30 38 31 48 7 45 64 32 49 1 46 78 91 40 61 94 96 51 22 77 25 14 3 55 81 99 90 88 66 69 12 9 42 17 18 52 0 56 65 87 74 34 23 84 13 2 60 62 6 50 24 59 58 11 21 37 53 28 20 75 54 33 92 82 73 16 68 35 41 44 10 72 4 86 98 83 15 85 19 97 43 95 70 29 71 26 89 63 57 
TEST 39 ARG:14 74 16 91 1 71 41 75 78 15 81 84 31 24 32 29 65 94 40 85 56 35 59 58 49 67 12 3 47 23 83 63 51 93 44 64 89 19 27 10 21 90 70 28 55 98 80 72 8 26 53 5 9 60 17 43 62 38 33 36 2 34 37 54 77 18 92 46 82 88 42 87 0 61 7 45 13 30 66 11 4 57 68 86 99 52 95 96 97 76 73 20 22 48 25 6 79 69 50 39 
TEST 40 ARG:73 62 99 24 41 58 93 20 52 70 38 86 49 77 16 2 34 90 30 95 63 92 96 89 74 84 83 71 87 72 21 68 60 85 32 79 39 44 40 37 1 3 15 56 57 19 50 22 27 76 64 31 59 45 33 82 48 91 94 14 23 36 42 98 12 0 35 51 61 13 80 9 10 65 88 11 43 17 66 28 47 75 4 69 81 6 97 46 25 26 78 5 29 7 55 67 8 18 54 53 
TEST 41 ARG:40 15 85 70 45 20 2 10 96 56 37 27 72 12 0 90 11 4 48 88 71 98 39 7 64 57 17 47 21 62 80 28 91 13 87 33 76 95 16 68 50 3 24 23 29 97 58 99 78 41 59 19 1 73 51 14 32 52 49 22 53 46 55 69 83 75 42 43 34 94 66 54 36 82 8 79 67 84 5 30 44 18 26 63 61 31 89 38 6 74 81 86 93 25 65 77 35 9 92 60 
TEST 42 ARG:94 50 98 22 31 61 99 55 5 54 0 30 7 40 1 96 71 8 78 3 79 18 45 47 9 60 95 38 42 87 57 74 53 83 34 27 41 4 91 26 21 90 49 24 33 17 6 36 19 73 89 2 52 12 39 63 70 88 48 68 35 62 11 69 67 59 29 25 81 32 58 23 16 75 28 15 72 86 65 37 77 82 66 51 80 56 14 64 20 84 44 97 46 10 76 43 92 13 85 93 
TEST 43 ARG:31 11 50 48 75 20 16 66 32 30 46 96 62 49 2 94 52 83 93 85 64 55 72 56 74 86 18 54 78 41 69 91 19 76 15 17 63 92 0 28 24 42 97 89 39 73 38 6 8 27 84 22 88 23 77 21 35 4 33 14 57 34 81 9 90 37 65 1 95 99 68 87 60 3 70 98 10 80 25 7 51 26 36 12 53 40 59 43 61 47 5 82 45 13 58 67 44 71 29 79 
TEST 44 ARG:93 59 70 4 18 45 86 85 97 20 69 14 58 56 79 30 16 76 63 8 9 89 39 52 67 60 11 78 49 73 27 12 87 3 31 36 98 54 43 15 38 29 25 5 48 83 28 77 42 75 19 26 91 62 17 24 66 40 32 94 81 72 57 46 74 2 99 33 1 88 35 80 37 13 10 64 34 65 22 23 47 41 95 96 6 84 68 0 50 61 90 21 53 82 44 92 7 51 55 71 
TEST 45 ARG:40 9 56 73 20 30 46 91 26 52 67 74 57 65 92 88 58 76 98 4 63 71 43 13 1 8 35 79 18 61 75 77 7 16 41 55 89 0 50 23 32 48 6 44 45 66 82 34 12 94 83 19 53 17 24 15 27 69 96 68 21 84 97 28 25 62 14 33 99 87 78 39 37 11 2 95 10 5 59 51 36 38 81 29 86 80 22 93 42 3 49 64 54 60 85 70 90 47 72 31 
TEST 46 ARG:36 76 39 80 99 34 96 7 98 38 12 58 33 3 40 44 10 48 29 8 81 78 51 47 59 90 93 71 64 16 35 52 77 57 85 53 61 18 82 20 4 63 27 22 37 70 26 6 13 2 54 32 95 15 73 62 74 75 24 28 31 9 68 86 17 89 84 25 92 19 43 66 23 14 87 69 5 91 83 67 45 79 42 1 55 49 72 56 30 88 60 94 41 21 11 46 65 97 50 0 
TEST 47 ARG:14 93 89 49 59 69 92 52 7 22 27 70 75 28 86 48 33 71 18 91 96 42 36 57 60 67 11 35 83 13 37 2 23 15 53 29 95 16 32 87 98 19 99 34 88 10 58 46 62 61 39 25 73 79 26 5 84 12 74 64 9 30 51 63 97 76 50 45 43 8 78 68 65 41 1 77 40 94 80 85 3 90 21 54 44 0 20 38 6 56 55 4 66 47 72 82 81 31 17 24 
TEST 48 ARG:63 33 94 6 12 27 82 67 37 72 85 14 32 41 46 5 78 44 59 16 84 91 96 92 66 69 9 68 43 35 83 42 21 90 51 2 73 54 31 38 17 7 18 19 4 25 8 60 89 87 80 13 39 53 1 95 74 40 15 86 97 58 20 30 49 99 11 22 88 79 29 47 77 76 50 26 61 0 93 55 36 56 3 52 65 70 28 62 71 75 45 81 34 23 64 10 24 98 57 48 
TEST 49 ARG:27 7 54 0 78 83 13 74 33 96 65 98 70 87 82 77 49 2 43 90 36 97 9 75 94 63 86 14 4 95 72 92 6 50 25 53 12 20 21 42 16 51 1 91 79 8 93 57 45 99 69 44 35 85 40 22 52 88 5 48 64 10 76 60 31 41 30 34 11 58 62 24 68 26 61 17 15 18 39 73 23 81 38 55 59 56 3 28 19 80 46 37 71 29 32 84 67 66 89 47 
TEST 50 ARG:58 83 16 9 73 89 63 14 86 12 92 43 29 87 1 34 79 48 21 71 81 57 32 10 0 74 8 98 61 66 36 2 70 26 40 75 95 22 33 78 82 50 6 27 41 96 53 56 17 11 54 35 84 45 55 99 93 51 59 69 52 20 24 88 30 28 31 37 80 77 97 60 39 7 38 62 68 5 25 4 3 19 76 85 65 47 64 72 13 15 94 44 46 23 91 67 90 49 42 18 
TEST 51 ARG:10 3 50 47 71 35 5 79 74 30 18 75 81 66 27 23 88 69 57 16 78 17 52 41 92 2 21 22 68 38 46 20 40 45 48 58 28 87 24 6 98 97 44 96 26 94 14 12 19 86 4 77 15 62 61 67 53 9 33 25 60 91 99 8 89 70 51 63 80 83 39 90 84 7 59 72 64 54 76 29 11 42 93 32 95 49 55 82 43 1 34 73 36 13 37 31 85 56 0 65 
TEST 52 ARG:92 84 27 46 77 16 23 5 21 17 2 26 11 18 68 74 33 40 30 55 20 13 88 70 52 76 44 57 61 93 83 60 59 97 36 22 4 3 14 50 45 10 65 7 0 67 78 51 34 75 85 39 87 41 24 8 89 99 64 1 71 80 43 58 35 91 63 81 47 53 66 98 31 95 56 54 96 28 32 9 19 42 62 12 82 94 72 37 25 86 15 49 69 73 79 48 90 6 29 38 
TEST 53 ARG:42 53 63 15 24 85 12 75 78 62 81 74 97 71 70 25 6 41 83 58 22 3 69 87 67 59 76 54 65 82 93 89 56 50 57 90 95 61 17 29 79 36 88 8 72 31 11 28 30 43 84 49 27 23 13 4 44 48 37 16 10 34 91 46 47 96 86 38 52 98 77 40 99 73 19 80 33 9 64 0 1 18 7 14 20 21 39 66 5 26 35 2 68 60 32 55 51 92 45 94 
TEST 54 ARG:57 17 41 58 42 89 30 63 83 23 10 86 97 49 7 32 50 26 84 28 3 81 62 18 87 12 9 55 39 48 31 93 40 13 66 21 60 79 82 44 11 53 95 80 61 65 54 4 46 96 34 69 15 85 67 90 98 88 45 43 92 14 19 6 38 91 59 72 51 77 0 99 20 56 73 24 22 2 52 16 33 76 94 47 71 64 36 75 5 74 35 1 68 78 70 8 37 25 29 27 
TEST 55 ARG:28 88 65 45 69 51 41 18 32 13 63 8 97 33 80 30 23 94 36 73 26 50 49 70 92 68 75 77 17 29 61 35 53 99 16 87 58 22 44 52 9 38 81 5 15 98 82 86 55 46 56 67 25 34 19 60 59 11 89 66 6 64 1 91 84 95 43 90 12 40 72 54 79 14 42 78 83 4 71 0 24 31 76 27 62 2 85 21 7 3 20 48 39 47 37 57 10 96 74 93 
TEST 56 ARG:93 65 38 10 9 94 78 64 7 53 19 28 34 71 63 47 41 80 72 79 90 96 67 75 89 8 92 18 70 57 45 21 29 24 14 15 39 91 84 52 98 44 26 25 88 56 85 22 83 11 59 69 42 86 4 61 73 27 16 32 17 20 81 35 51 5 62 60 74 97 33 36 30 1 99 3 46 23 58 0 40 54 82 43 48 95 77 2 76 50 37 6 68 66 12 31 13 87 49 55 
TEST 57 ARG:95 86 21 42 81 17 5 29 25 99 79 73 60 11 3 47 30 7 41 96 50 6 35 54 9 85 26 55 97 78 84 59 83 12 62 8 87 66 22 4 20 49 23 44 64 82 15 70 57 68 31 67 77 1 65 46 33 90 51 71 45 76 39 32 36 89 53 24 10 75 72 14 2 94 56 88 0 48 52 18 69 98 19 27 43 80 13 58 37 16 28 63 38 34 91 93 92 74 61 40 
TEST 58 ARG:27 19 74 41 48 21 95 13 8 81 0 55 1 9 6 36 3 59 68 69 34 32 15 18 47 53 89 91 35 42 31 51 73 45 64 26 38 57 83 2 65 28 39 37 78 61 98 71 20 77 12 56 44 70 66 82 22 88 5 87 11 99 33 49 94 29 96 85 23 10 17 62 79 63 58 14 52 90 80 54 50 75 16 60 40 46 97 84 93 92 67 30 4 86 24 7 76 72 43 25 
TEST 59 ARG:36 16 65 11 87 56 50 84 3 83 49 90 40 92 67 21 27 4 44 19 60 63 73 10 32 38 82 28 62 30 2 72 51 15 64 55 52 23 58 41 68 53 43 42 76 71 70 1 34 88 98 80 45 39 31 97 7 57 46 54 77 8 33 17 13 74 9 12 29 85 75 20 79 18 91 47 61 78 66 37 35 22 6 99 24 96 95 81 94 26 69 5 0 25 59 14 86 93 48 89 
TEST 60 ARG:57 85 41 10 18 58 16 71 83 86 0 47 13 25 33 80 29 54 65 20 68 44 24 17 92 39 34 37 45 27 56 51 74 22 21 87 38 6 9 66 96 73 32 88 93 62 48 30 59 19 77 1 94 82 8 31 69 97 95 70 98 78 49 79 14 99 72 60 26 53 7 28 11 43 3 61 50 52 15 35 46 23 75 40 12 55 89 4 64 84 42 67 81 36 2 91 76 5 63 90 
TEST 61 ARG:54 36 3 84 51 88 61 22 86 91 31 39 25 15 56 49 10 9 87 47 53 79 27 65 5 73 38 50 17 48 63 26 1 68 80 72 90 77 83 7 66 46 23 62 59 78 34 35 20 18 57 24 85 6 32 67 0 19 93 69 94 29 71 89 60 55 98 16 76 96 4 14 81 28 70 40 99 43 30 37 8 45 41 58 97 74 21 75 2 52 13 95 82 33 42 12 44 64 92 11 
TEST 62 ARG:42 36 75 16 80 10 32 86 3 97 84 15 91 92 31 81 76 44 66 90 59 27 29 8 0 19 39 33 4 61 1 87 79 60 5 49 2 25 89 57 72 51 70 77 78 53 54 62 69 11 9 14 63 83 7 95 67 30 17 26 64 18 88 74 20 55 41 37 35 58 38 73 98 28 56 24 6 82 65 12 23 13 52 34 45 47 94 46 96 50 48 93 99 85 43 68 71 22 21 40 
TEST 63 ARG:93 53 86 82 42 36 3 87 65 76 64 23 66 94 9 70 96 78 14 44 39 17 67 2 80 11 16 33 31 22 83 84 27 35 72 98 8 51 88 54 29 0 52 49 55 97 1 62 40 13 50 61 92 74 30 7 41 81 60 38 19 28 43 56 32 18 48 73 47 79 34 95 75 99 69 6 90 45 58 21 4 85 15 37 89 91 26 20 25 59 77 71 12 10 24 57 5 68 63 46 
TEST 64 ARG:95 46 91 90 17 15 71 54 84 51 25 36 31 79 7 55 0 47 42 80 40 92 53 58 66 82 67 59 87 18 43 49 89 86 69 1 63 76 35 21 6 93 34 60 99 5 20 83 81 94 13 97 65 12 48 29 2 33 45 41 61 98 10 78 9 38 37 68 22 70 30 16 88 14 19 77 50 52 74 73 39 23 57 62 32 56 24 11 3 28 75 26 96 8 44 27 64 85 4 72 
TEST 65 ARG:61 54 31 98 37 20 84 27 73 3 71 51 96 19 21 44 35 57 45 55 34 2 78 52 16 72 29 11 46 38 89 14 93 63 67 64 33 62 18 7 39 42 80 23 76 17 40 26 66 43 81 24 92 10 99 28 12 1 97 8 15 49 95 85 4 32 30 58 94 87 5 13 25 69 75 9 60 65 90 70 48 83 82 50 91 6 86 88 53 56 22 59 74 79 36 0 41 77 47 68 
TEST 66 ARG:13 86 65 67 99 12 76 46 43 74 16 80 42 79 91 64 49 0 59 47 84 53 82 75 60 88 41 5 66 52 29 36 6 27 2 55 23 89 98 93 51 97 35 37 3 40 31 95 24 4 26 34 68 8 62 10 85 15 20 71 33 56 73 57 32 70 44 77 30 39 58 11 22 7 48 92 96 72 50 1 17 54 21 19 61 28 69 83 14 45 9 25 38 18 63 81 78 87 94 90 
TEST 67 ARG:92 72 78 12 60 96 24 85 44 43 4 15 26 94 48 36 39 81 27 68 32 50 74 41 95 75 35 76 67 73 58 10 5 28 9 80 84 42 77 64 17 40 59 2 83 65 16 86 82 63 56 23 19 6 1 53 54 93 3 31 99 21 34 45 79 29 25 20 91 38 7 0 30 87 61 70 14 49 13 89 97 8 69 47 33 46 22 52 62 37 18 51 90 88 66 55 71 98 57 11 
TEST 68 ARG:53 24 51 12 75 98 99 95 49 45 3 21 93 29 57 78 87 26 8 39 34 14 72 54 5 47 17 56 23 20 22 31 37 13 0 7 43 88 97 28 90 2 92 94 16 89 91 59 11 68 70 1 64 73 67 32 71 36 15 10 76 55 27 19 77 85 41 46 65 82 50 60 30 83 40 48 6 4 25 44 9 79 52 74 38 62 84 63 86 58 69 80 61 81 18 42 96 33 66 35 
TEST 69 ARG:36 24 40 57 39 34 19 48 23 31 20 29 52 3 32 51 28 50 92 10 21 65 25 97 88 33 80 79 2 15 69 9 56 18 45 35 11 67 81 68 16 77 46 53 98 87 93 73 62 64 0 99 47 5 90 8 43 82 66 1 13 94 84 85 60 12 70 91 95 89 55 96 44 58 38 26 6 42 61 75 17 30 22 63 59 37 71 27 14 41 49 7 83 86 74 54 76 72 4 78 
TEST 70 ARG:57 52 83 43 49 29 95 3 7 26 20 72 47 30 87 39 58 69 97 93 21 84 70 14 78 9 8 81 34 41 59 51 18 0 11 40 32 56 1 63 17 64 15 65 10 38 82 60 96 91 61 45 27 22 89 80 76 50 85 86 35 88 25 2 37 46 12 99 6 74 44 71 79 73 62 77 55 92 5 19 28 53 31 67 36 4 33 42 90 68 16 23 98 54 48 24 75 66 94 13 
TEST 71 ARG:21 57 17 90 46 74 95 88 61 11 80 37 18 30 73 15 98 3 56 92 66 70 47 94 0 71 50 83 4 76 52 53 58 41 93 81 31 9 72 24 51 86 27 20 85 82 79 16 42 48 49 75 62 39 77 45 8 35 32 29 23 14 99 54 55 2 19 87 7 60 43 64 1 68 67 78 40 25 84 28 5 97 96 59 65 33 91 69 26 12 22 44 36 38 10 6 34 13 89 63 
TEST 72 ARG:89 74 31 46 87 15 88 73 59 27 3 34 96 50 69 18 33 6 86 79 38 25 48 24 26 11 62 14 82 9 17 51 40 80 4 63 47 97 41 39 83 13 42 12 77 95 64 45 76 30 68 70 21 29 28 20 93 43 36 78 1 49 61 67 44 92 16 23 60 71 84 19 99 10 5 7 54 56 81 91 94 98 37 22 66 65 72 53 0 57 32 90 55 75 85 2 58 8 52 35 
TEST 73 ARG:40 83 7 91 95 27 11 75 13 77 9 97 31 32 50 68 53 81 17 87 64 55 60 62 73 19 36 92 0 61 10 1 88 3 94 84 63 54 99 12 71 51 15 45 76 66 79 67 6 21 56 37 29 96 44 89 59 93 47 69 38 57 48 78 34 30 80 98 14 4 85 18 22 23 8 46 39 35 86 82 20 24 90 65 72 5 74 25 52 70 28 43 58 16 41 26 33 2 42 49 
TEST 74 ARG:13 8 62 55 2 78 35 29 58 97 11 7 99 43 80 45 53 94 54 23 57 84 68 59 95 61 3 50 1 12 24 51 65 39 52 33 66 81 48 26 31 18 15 79 70 32 4 28 14 56 85 36 37 87 16 19 83 21 27 67 38 64 9 92 74 34 41 98 91 22 10 30 40 60 69 5 44 0 76 20 42 47 25 63 17 82 46 77 89 73 88 75 49 6 96 90 72 71 93 86 
TEST 75 ARG:40 50 0 77 21 88 51 43 54 76 74 68 27 93 78 22 34 28 33 39 72 59 8 7 63 14 35 45 31 65 89 81 57 49 17 12 62 52 36 37 79 5 85 69 86 98 55 29 4 9 67 19 99 26 94 15 47 16 64 10 58 3 38 97 82 87 95 24 46 42 73 32 60 66 30 75 83 44 18 41 96 20 61 1 90 92 84 53 2 11 6 13 80 48 91 70 71 56 25 23 
TEST 76 ARG:99 2 62 86 6 29 94 56 7 39 77 30 23 24 63 54 34 85 74 75 43 27 57 76 17 45 42 93 58 20 52 61 92 18 80 5 71 60 69 3 46 72 25 97 35 26 11 81 70 68 55 33 37 10 96 84 14 98 88 44 91 21 4 16 48 51 59 95 50 22 40 73 79 19 53 31 28 64 82 87 12 41 38 90 9 15 8 67 83 66 0 1 32 65 36 13 89 47 49 78 
TEST 77 ARG:75 90 59 47 6 28 92 20 33 74 39 55 27 79 35 44 50 84 69 18 25 14 43 41 36 77 46 76 81 49 48 30 54 32 0 96 24 66 37 72 82 86 70 95 11 31 2 57 12 52 5 40 23 34 98 62 88 87 97 71 73 60 4 29 64 8 85 13 99 7 38 16 80 58 3 91 21 1 94 10 83 9 22 19 45 56 26 42 61 78 15 89 65 53 93 17 51 63 67 68 
TEST 78 ARG:11 96 24 87 81 51 31 8 1 80 36 14 52 2 69 98 57 86 39 10 37 28 75 33 27 84 40 29 56 55 74 83 47 62 76 41 6 49 99 95 45 58 13 97 35 73 54 34 72 23 61 22 63 91 59 43 48 94 85 25 77 93 16 89 30 18 78 20 7 21 19 5 65 92 82 42 88 12 32 90 0 9 15 26 4 68 53 66 71 70 17 60 64 38 50 79 3 67 46 44 
TEST 79 ARG:14 30 39 35 45 12 42 84 3 37 47 19 20 23 62 21 31 4 17 75 43 69 89 74 87 64 25 88 22 27 73 55 48 96 26 82 63 98 24 18 54 81 29 51 5 36 79 83 76 65 2 68 46 32 7 71 9 90 50 41 11 13 61 95 34 67 86 93 99 66 56 92 94 57 6 15 16 78 97 52 1 33 80 85 58 28 91 59 38 8 53 0 77 72 10 44 40 60 49 70 
TEST 80 ARG:97 62 72 83 30 45 14 46 13 4 53 28 48 38 10 27 32 18 88 29 90 15 50 85 64 35 69 57 87 22 52 40 12 96 19 71 31 84 56 68 36 94 37 58 54 99 44 6 80 73 39 89 23 81 67 65 33 0 77 70 76 79 82 17 5 26 55 43 2 9 3 1 49 91 60 21 16 24 75 41 59 11 7 86 78 25 93 95 34 92 51 61 47 74 98 63 20 66 8 42 
TEST 81 ARG:31 59 56 72 13 35 49 61 86 41 5 99 33 68 11 16 58 47 14 81 70 51 45 26 8 67 37 83 7 53 39 17 89 60 3 55 87 2 82 36 85 91 95 96 32 24 74 98 93 34 75 90 73 48 63 65 62 57 84 21 15 94 79 54 71 76 6 27 66 40 22 1 52 12 29 10 44 18 30 9 92 78 4 88 64 50 25 20 46 23 19 80 97 69 0 43 38 28 42 77 
TEST 82 ARG:57 87 78 20 86 11 85 21 18 50 88 67 93 46 23 73 52 72 13 61 92 48 56 68 97 63 99 47 95 45 41 58 64 31 66 90 15 53 3 27 91 43 83 49 36 77 28 59 0 1 65 10 79 26 71 24 42 25 51 55 19 29 8 17 69 34 14 39 4 5 37 96 2 12 30 89 32 62 70 82 76 94 54 7 22 98 81 84 40 74 80 35 9 60 16 75 6 33 44 38 
TEST 83 ARG:75 66 90 51 45 24 37 18 16 81 6 80 64 97 61 35 94 32 8 36 72 25 74 17 85 57 99 84 92 1 62 76 19 12 58 98 91 2 14 88 54 60 33 34 20 44 4 0 27 55 93 10 28 73 21 40 31 49 43 3 77 78 96 69 42 67 7 89 87 59 70 46 68 79 48 52 11 39 29 15 86 9 23 26 53 83 30 82 38 22 41 5 71 95 56 47 13 50 63 65 
TEST 84 ARG:49 63 74 9 22 20 39 88 76 37 10 29 19 26 12 17 94 57 15 28 91 42 72 40 41 65 38 14 62 81 52 97 59 13 82 78 21 51 83 47 68 11 71 1 85 77 87 67 32 96 0 7 46 90 23 92 43 61 99 3 24 30 50 4 60 53 8 73 6 69 86 93 54 18 33 56 35 89 44 58 80 79 95 25 75 66 64 34 36 45 55 98 84 16 70 5 48 31 2 27 
TEST 85 ARG:9 56 77 31 35 82 95 83 62 41 61 28 39 15 48 49 91 25 19 60 22 26 70 17 14 53 29 75 86 16 45 66 76 50 7 59 34 33 47 44 92 90 73 72 57 11 97 85 27 84 58 5 32 98 0 69 80 6 30 38 46 13 87 51 96 54 68 36 99 63 71 43 55 89 88 81 3 23 93 52 1 12 79 78 65 37 94 40 18 42 74 21 4 67 2 20 8 24 64 10 
TEST 86 ARG:1 96 26 45 34 49 31 42 59 88 12 71 97 15 55 72 10 73 18 27 8 47 38 0 33 81 46 5 84 21 62 85 53 37 83 19 4 14 41 54 78 64 20 30 92 63 3 67 24 76 79 36 75 25 56 50 9 6 39 99 98 57 23 68 86 65 13 69 82 29 90 89 93 95 91 48 94 32 35 44 80 51 22 28 11 74 87 16 70 60 77 61 58 52 7 17 66 43 40 2 
TEST 87 ARG:17 4 31 92 20 3 74 40 47 8 91 9 53 36 13 55 15 41 18 19 81 35 72 73 28 86 78 52 7 60 10 67 75 43 11 88 63 84 45 32 33 76 6 48 16 69 49 1 46 0 12 98 82 93 30 59 24 37 66 42 38 44 95 22 97 99 5 56 94 62 77 25 85 83 64 61 57 58 27 54 39 34 26 89 71 50 2 29 79 96 21 70 90 68 87 80 65 23 14 51 
TEST 88 ARG:83 60 92 31 64 52 41 93 38 79 1 66 80 0 55 32 53 47 70 99 37 33 19 8 75 85 77 4 82 5 89 16 23 45 90 43 7 97 67 73 27 11 6 12 18 71 61 76 40 39 68 65 69 78 3 21 9 35 98 59 17 88 62 81 42 26 48 25 54 2 96 36 91 15 44 50 20 34 86 72 74 87 56 14 13 57 24 51 94 58 46 30 28 95 63 49 29 84 10 22 
TEST 89 ARG:39 76 25 8 79 57 68 41 46 35 43 27 60 26 80 30 72 51 53 22 84 31 89 54 3 20 49 91 97 63 66 19 56 16 11 86 67 6 48 70 93 4 15 90 83 78 34 0 37 58 55 40 69 17 71 29 47 13 77 5 38 82 98 74 18 42 94 61 59 95 21 75 65 44 2 1 7 88 85 87 52 14 62 45 50 64 32 36 10 99 92 23 73 24 28 96 81 9 12 33 
TEST 90 ARG:33 41 72 17 39 69 15 76 56 5 96 44 85 47 38 2 86 94 53 54 64 62 12 50 97 82 61 75 95 91 49 92 7 87 79 63 57 81 3 11 78 84 1 34 59 89 42 68 16 27 93 6 10 14 45 60 24 32 20 30 36 55 43 80 0 73 90 19 8 74 9 48 28 88 83 22 66 25 23 4 52 98 70 18 77 51 58 67 26 99 71 65 31 40 46 29 35 13 37 21 
TEST 91 ARG:31 2 97 75 46 88 13 45 74 78 28 73 29 92 94 62 51 70 42 68 10 14 4 5 3 38 90 49 80 65 64 55 17 26 7 53 63 98 96 57 44 37 39 67 85 0 87 1 59 34 83 89 81 11 27 16 18 99 22 58 8 40 72 76 25 6 95 9 82 41 48 60 54 86 15 56 32 69 12 50 84 71 61 30 35 19 33 77 66 23 91 47 93 52 43 36 20 79 24 21 
TEST 92 ARG:69 30 60 6 44 34 57 98 66 20 13 55 33 40 81 22 88 76 56 41 1 80 37 71 79 86 96 11 58 92 47 73 2 25 17 16 12 0 4 54 3 99 93 78 18 35 45 49 65 24 67 63 36 89 32 27 29 82 91 84 15 52 97 94 23 53 9 38 61 75 48 21 31 62 72 7 95 90 77 85 43 46 19 10 74 14 51 64 87 8 70 39 28 42 26 83 59 5 50 68 
TEST 93 ARG:94 35 32 41 84 0 83 50 71 49 38 12 69 10 21 77 60 22 6 72 44 20 96 82 89 64 27 52 24 7 92 80 8 58 63 25 65 42 48 81 14 47 5 51 78 75 33 76 1 15 62 31 16 11 9 43 30 88 87 46 98 68 90 91 45 13 56 4 57 28 19 55 3 95 61 73 93 85 23 34 66 99 86 18 40 54 17 97 70 2 26 74 36 67 79 59 39 53 37 29 
TEST 94 ARG:8 53 35 4 6 72 49 0 25 97 28 42 69 85 96 75 1 57 22 95 20 62 39 18 21 65 46 16 30 23 63 36 93 64 5 41 52 48 84 29 10 37 44 98 77 91 19 31 89 76 92 87 94 86 14 15 67 13 38 47 73 2 79 71 78 27 68 80 83 26 61 7 60 70 12 81 11 74 90 3 55 82 51 59 17 56 24 66 33 40 88 58 32 50 43 54 9 45 99 34 
TEST 95 ARG:99 90 94 78 92 13 73 96 24 17 35 55 74 9 5 12 31 66 98 46 26 47 21 89 38 1 60 57 81 16 62 32 70 69 72 4 91 67 19 63 15 56 42 11 33 51 54 85 68 64 27 86 79 80 41 95 49 44 3 87 8 36 2 52 58 76 65 48 22 61 37 71 53 10 25 28 18 43 6 77 39 0 88 45 59 50 83 34 97 84 14 7 23 82 93 40 30 20 29 75 
TEST 96 ARG:7 35 71 64 81 67 98 36 17 93 12 80 28 27 69 73 89 77 1 79 20 6 34 58 53 97 3 57 8 68 19 59 86 70 37 95 39 99 5 38 88 49 55 91 42 18 43 32 84 44 56 66 92 2 51 41 23 62 26 21 14 47 94 85 40 0 54 90 78 29 63 74 10 46 75 52 61 11 30 9 45 31 13 87 96 76 72 48 50 16 15 33 25 82 65 24 60 83 4 22 
TEST 97 ARG:26 81 18 68 53 7 69 87 28 48 46 84 24 92 51 27 23 31 15 78 11 70 75 20 21 49 60 5 8 54 90 17 33 1 83 94 0 79 85 72 99 97 29 45 41 25 39 14 71 10 86 56 52 93 22 63 96 30 47 38 9 16 44 55 59 82 4 37 19 66 12 32 2 65 62 35 89 64 3 73 40 36 80 6 91 42 88 61 34 58 13 98 76 95 67 57 50 77 74 43 
TEST 98 ARG:57 31 8 16 94 0 29 83 52 89 92 43 53 11 64 91 30 86 60 58 7 1 76 36 78 37 28 82 14 5 87 79 56 70 42 81 20 75 68 59 67 15 9 38 90 97 2 12 26 41 73 66 35 84 40 39 98 96 99 47 93 71 21 19 45 34 61 63 27 80 32 6 23 22 33 4 50 18 88 10 49 3 17 85 69 24 95 46 13 48 44 62 74 51 65 54 55 72 25 77 
TEST 99 ARG:99 60 7 94 64 11 62 9 96 34 63 86 78 41 38 36 13 35 70 48 21 42 6 33 22 15 31 85 89 58 14 18 27 50 61 71 5 28 46 32 76 55 67 84 54 59 73 12 37 82 75 91 90 23 79 4 88 56 24 10 47 16 87 51 17 39 80 8 72 65 93 20 68 97 26 25 45 0 98 66 77 30 40 95 49 53 92 1 57 29 83 52 44 3 43 2 19 81 69 74 
TEST 100 ARG:4 17 46 41 79 52 58 77 87 70 81 97 5 92 57 8 11 76 34 28 44 27 24 85 66 99 10 18 53 91 56 45 37 43 83 22 94 69 89 55 67 20 71 80 90 51 9 64 48 62 16 84 49 13 38 3 21 61 59 63 29 93 25 15 47 7 32 23 14 39 35 82 42 40 1 2 78 6 31 36 60 26 96 0 73 74 65 12 33 75 98 86 30 95 88 72 54 19 68 50 
TEST 101 ARG:80 26 81 85 94 45 24 3 10 30 40 46 1 51 8 47 49 86 41 43 83 16 4 58 5 35 61 29 87 91 70 95 28 11 55 32 27 65 21 89 84 74 92 15 69 59 52 38 68 54 96 33 22 50 90 75 0 48 62 93 77 20 17 88 42 34 78 79 36 39 76 44 63 57 19 56 67 13 6 14 98 82 31 7 12 37 99 73 64 53 23 72 60 97 71 9 66 25 18 2 
TEST 102 ARG:57 67 26 74 80 38 33 17 6 24 42 1 96 95 99 18 86 22 89 28 60 55 73 94 44 7 98 2 32 13 3 34 59 43 77 52 51 90 0 68 8 48 71 15 78 14 76 58 5 21 65 11 63 79 40 50 29 19 53 49 25 72 97 10 27 62 69 37 64 92 31 35 81 75 45 9 23 82 87 91 56 16 39 84 20 66 54 4 41 85 83 70 46 30 36 88 93 12 47 61 
TEST 103 ARG:79 54 20 9 30 4 92 26 15 71 32 99 62 43 85 14 0 89 38 11 35 53 23 95 77 13 27 56 16 40 65 17 63 34 51 75 96 3 49 47 97 31 68 67 45 81 50 8 19 1 72 94 44 98 83 78 74 29 61 10 46 69 52 18 12 84 87 57 66 91 82 73 5 60 7 70 41 64 33 80 76 58 21 55 39 93 24 37 86 2 6 25 28 88 42 22 59 36 90 48 
TEST 104 ARG:92 14 47 26 17 82 57 41 39 42 9 65 49 95 27 16 12 25 22 35 63 2 68 10 75 62 24 98 23 37 21 18 79 28 60 32 48 55 31 34 29 43 84 72 53 8 0 20 69 38 64 91 76 86 93 89 3 97 67 7 61 99 52 44 80 94 70 4 51 90 45 50 96 77 71 58 46 30 81 73 40 1 15 83 56 85 11 13 88 87 78 66 74 19 5 54 59 6 36 33 
TEST 105 ARG:18 50 88 97 46 62 96 45 89 9 58 36 98 78 39 43 85 13 74 67 3 79 31 92 72 68 26 60 71 47 76 99 40 29 48 5 32 10 22 65 25 14 4 86 11 75 93 63 21 80 20 55 30 38 82 44 1 8 35 52 16 34 69 51 59 17 42 64 61 90 33 81 15 66 94 19 0 6 37 77 2 23 24 54 91 41 27 83 12 7 56 95 70 84 73 57 87 28 53 49 
TEST 106 ARG:52 4 66 11 9 95 6 12 94 22 57 43 29 93 34 51 87 7 72 74 19 97 15 77 99 80 70 54 92 90 56 30 35 44 41 81 36 40 0 86 37 33 20 83 13 49 67 62 75 32 79 23 64 60 53 96 46 68 18 3 42 8 98 28 71 21 65 47 38 14 10 61 89 84 88 39 73 16 27 76 24 31 48 17 69 58 1 25 50 55 26 91 78 85 63 82 2 59 5 45 
TEST 107 ARG:24 44 96 19 66 54 41 25 29 91 46 70 26 90 69 14 2 65 83 27 87 8 95 73 64 49 76 1 30 34 61 59 71 99 56 92 62 6 52 32 20 51 5 42 74 45 47 78 23 18 97 98 4 38 0 53 67 93 60 80 21 10 36 57 3 86 7 43 79 55 39 58 84 37 12 9 50 77 40 15 31 81 63 89 75 11 48 88 35 16 85 94 33 68 17 72 22 28 13 82 
TEST 108 ARG:93 42 48 9 79 59 78 4 97 49 71 39 10 84 16 46 40 17 24 13 34 89 12 58 41 57 70 50 18 81 3 90 69 43 47 88 86 14 26 56 1 96 83 5 73 91 60 87 2 63 0 62 31 52 51 72 27 21 85 68 61 29 23 66 37 8 67 80 35 45 15 94 95 38 22 44 32 75 53 77 55 76 25 33 64 6 82 74 7 99 92 54 20 36 19 11 30 65 28 98 
TEST 109 ARG:33 28 25 36 66 38 90 57 16 44 41 64 96 37 76 91 65 67 21 71 43 15 0 87 4 3 20 59 17 82 68 14 12 74 80 22 10 7 97 18 9 99 95 85 88 50 35 26 92 53 78 45 31 63 48 75 19 56 11 23 89 24 39 2 27 52 60 5 32 30 29 58 70 81 47 51 54 94 13 6 98 40 79 34 72 86 77 1 69 42 73 46 61 84 55 93 49 8 62 83 
TEST 110 ARG:95 53 91 11 18 3 35 71 75 87 64 48 97 59 20 8 77 41 28 44 7 32 84 26 73 85 67 39 15 96 31 60 79 21 38 83 2 72 37 65 55 36 93 88 42 47 78 5 10 46 22 80 66 98 16 68 1 43 99 24 82 49 30 27 63 23 62 94 76 92 6 50 33 4 90 81 45 25 56 9 52 12 61 19 13 57 86 40 54 70 29 0 69 58 89 34 74 51 14 17 
TEST 111 ARG:32 46 78 35 4 85 43 60 55 57 86 33 26 27 36 79 5 92 19 66 34 12 56 17 75 77 23 89 53 83 65 1 59 25 20 52 18 51 88 73 64 97 6 0 74 81 41 90 96 29 62 93 84 40 82 70 10 47 48 50 9 31 8 24 38 7 16 44 99 15 63 95 58 21 30 87 69 14 67 61 2 37 22 49 54 72 39 45 13 98 71 28 76 11 68 91 3 42 94 80 
TEST 112 ARG:39 12 51 58 95 90 96 13 57 48 62 15 60 70 34 42 37 40 38 10 54 43 26 77 56 7 23 86 71 67 28 25 66 18 52 24 68 8 27 50 89 11 93 94 5 46 91 1 22 75 79 98 53 4 2 65 3 35 49 63 64 17 6 20 44 88 69 73 76 21 19 85 78 82 84 81 72 74 9 33 97 14 80 59 41 87 55 0 32 45 29 92 83 61 16 47 36 99 30 31 
TEST 113 ARG:78 64 89 28 66 96 15 2 98 38 18 1 26 52 75 33 0 61 27 76 23 10 42 6 59 7 51 16 71 35 84 86 34 19 67 62 63 14 49 17 90 74 95 93 79 25 45 56 9 92 55 65 29 60 44 83 58 39 11 5 40 82 87 13 37 22 48 30 80 54 97 41 12 94 50 81 99 43 46 57 4 68 20 47 85 3 69 72 73 53 77 21 32 31 91 36 70 8 88 24 
TEST 114 ARG:59 98 51 7 57 85 32 61 25 63 35 45 42 3 41 47 14 66 69 9 86 36 11 16 73 43 0 50 1 90 60 75 78 77 15 48 99 55 37 33 93 28 29 68 89 54 6 2 62 76 94 38 95 49 64 21 71 18 81 40 87 23 5 84 70 58 53 92 88 34 72 96 52 91 13 67 74 12 46 27 83 19 80 8 44 31 82 26 65 30 79 20 4 97 17 10 56 22 24 39 
TEST 115 ARG:96 56 28 26 10 77 65 19 32 44 97 39 16 22 75 79 24 91 66 7 52 98 61 59 12 36 25 18 49 2 15 48 40 23 21 55 51 14 87 8 67 5 88 99 83 35 92 11 74 68 89 72 0 34 17 86 9 76 33 43 64 46 73 54 63 31 80 93 84 47 4 29 69 82 30 71 85 60 6 41 58 53 37 94 45 20 42 81 90 13 50 38 3 57 27 1 95 62 70 78 
TEST 116 ARG:63 65 6 24 78 12 66 67 55 28 34 58 44 74 80 90 13 11 91 39 70 40 17 1 10 99 33 45 62 61 85 22 30 41 8 60 0 19 56 27 84 50 35 79 29 31 23 81 9 47 86 77 69 2 73 68 48 59 53 95 15 88 21 18 94 93 92 71 97 36 38 3 42 49 57 5 25 52 82 4 54 87 20 7 96 16 26 76 75 46 51 14 37 43 98 32 72 83 64 89 
TEST 117 ARG:51 92 19 38 6 84 66 58 16 74 32 75 78 10 39 3 27 26 96 33 98 50 37 7 25 82 43 14 15 55 86 56 28 5 1 36 89 2 93 64 81 88 59 13 83 77 73 42 11 54 8 21 69 20 23 47 61 44 46 40 79 30 49 41 94 18 90 31 80 67 70 63 53 35 87 76 60 68 62 91 65 97 22 24 12 0 72 29 4 9 52 57 48 95 45 34 85 99 17 71 
TEST 118 ARG:76 2 17 50 97 51 62 16 58 18 1 75 83 36 91 82 41 10 15 46 7 43 77 38 22 93 30 74 69 40 90 35 54 63 85 86 59 57 99 13 84 29 24 34 64 6 12 72 27 37 60 8 67 61 11 55 52 42 5 95 56 49 73 80 92 23 81 3 78 20 98 47 79 32 19 14 44 94 39 28 71 4 9 21 25 70 88 31 45 0 87 53 48 66 89 65 33 96 26 68 
TEST 119 ARG:43 60 86 81 11 54 91 73 16 35 5 28 62 51 18 38 36 88 71 21 30 10 1 7 70 76 93 34 66 79 15 3 25 45 26 49 84 92 87 77 67 98 85 82 89 8 58 95 52 33 40 69 12 37 96 61 13 2 0 29 9 80 31 75 14 42 41 48 27 97 90 72 99 44 50 53 39 68 47 22 74 20 55 94 24 17 6 56 83 65 46 78 64 23 19 4 59 32 57 63 
TEST 120 ARG:39 20 33 25 26 58 45 42 2 57 19 62 48 36 72 81 44 79 60 92 14 38 46 89 6 73 94 43 77 34 30 68 56 63 83 21 93 47 1 55 67 65 87 69 80 40 99 15 54 59 76 29 11 22 86 91 4 75 95 52 0 41 98 97 32 82 28 84 13 10 9 35 64 88 51 24 3 96 70 50 85 74 49 18 78 8 90 27 61 16 23 31 7 37 5 12 66 17 71 53 
TEST 121 ARG:46 55 59 82 52 69 41 29 54 71 91 51 98 87 24 11 16 9 86 23 49 25 38 62 95 37 60 26 33 57 58 15 53 64 20 30 32 3 5 81 17 76 65 66 2 14 48 44 78 35 92 39 7 21 73 96 72 80 61 56 79 6 36 50 19 67 47 70 99 89 85 40 1 27 0 93 8 74 13 75 63 42 45 28 77 83 18 10 97 90 68 34 88 12 4 43 94 31 22 84 
TEST 122 ARG:7 42 6 65 47 18 96 34 10 64 32 55 24 12 71 15 2 63 66 90 77 89 54 25 95 67 70 92 51 38 78 98 81 13 35 59 9 52 58 21 31 36 62 60 85 43 26 74 94 87 56 14 61 97 19 20 11 99 49 69 46 79 83 33 84 50 5 91 1 29 75 22 17 4 0 82 73 93 80 40 8 44 39 72 86 27 41 48 88 45 76 16 37 23 68 57 53 28 30 3 
TEST 123 ARG:39 2 62 85 66 51 60 24 0 77 73 65 1 17 5 67 9 75 70 61 80 63 34 78 74 18 12 7 59 11 52 48 6 92 38 97 81 79 36 88 8 98 35 23 93 76 45 96 57 4 40 90 16 21 91 22 54 33 37 68 72 71 13 99 55 83 15 14 46 89 19 30 49 56 28 95 64 27 25 84 29 32 87 31 26 58 43 86 20 82 50 47 53 10 42 44 41 69 94 3 
TEST 124 ARG:61 75 7 10 34 96 53 36 5 23 21 13 79 77 74 56 87 30 97 70 58 0 3 64 47 66 24 67 2 52 26 65 93 9 68 81 88 83 8 55 84 62 89 18 99 54 41 31 40 43 95 4 37 17 19 78 14 12 48 98 46 6 82 86 94 63 59 33 45 42 29 44 85 22 35 15 49 38 73 60 16 71 50 91 72 11 57 1 92 32 39 90 80 69 76 20 51 25 28 27 
TEST 125 ARG:58 82 97 22 35 32 83 68 56 67 38 1 30 53 23 10 60 15 28 31 33 77 95 93 71 4 92 76 55 57 59 43 54 61 42 65 49 98 18 13 51 24 91 7 21 6 29 89 62 96 87 84 48 81 78 85 5 46 17 34 11 45 90 74 64 52 40 69 39 70 66 99 8 79 19 16 36 20 9 88 94 0 3 25 44 2 41 27 75 50 72 14 37 63 86 26 73 47 12 80 
TEST 126 ARG:51 63 59 46 87 78 70 50 0 24 72 84 30 98 97 16 75 64 92 86 89 33 3 81 21 31 41 29 58 6 2 90 60 54 12 68 67 42 8 1 10 85 77 11 23 25 73 17 34 56 18 94 36 62 52 93 5 66 38 20 9 79 14 65 49 47 55 83 45 37 40 27 91 61 99 88 53 95 32 96 48 69 22 4 82 13 43 7 74 35 28 44 76 80 19 71 15 57 26 39 
TEST 127 ARG:41 10 22 57 80 32 63 40 39 3 62 4 2 29 95 78 90 56 6 27 71 99 48 16 21 79 19 89 11 92 26 28 23 70 66 20 15 96 68 86 97 12 59 74 65 53 84 94 42 36 88 13 25 75 54 7 0 83 9 14 30 18 73 61 24 44 17 51 69 72 77 47 98 60 64 38 33 49 91 93 5 76 81 67 58 87 31 50 46 1 85 82 8 45 34 43 35 37 55 52 
TEST 128 ARG:20 18 35 37 94 30 75 13 2 7 27 77 24 62 66 41 63 15 4 6 93 10 70 49 31 51 86 42 68 1 39 25 29 22 45 32 11 47 76 38 43 79 74 69 90 82 61 81 80 55 89 56 8 91 33 84 34 85 23 98 95 53 58 59 64 92 78 99 28 83 50 54 0 5 26 40 57 60 52 21 17 12 96 9 71 19 48 97 46 3 73 44 16 88 36 87 67 72 65 14 
TEST 129 ARG:42 59 2 88 65 30 32 57 36 23 21 53 79 99 46 58 95 0 83 39 91 3 10 47 84 41 34 48 77 86 55 70 61 62 87 20 5 25 94 31 45 80 4 81 26 50 37 51 11 73 82 16 63 33 44 56 6 69 52 7 17 54 96 29 13 64 85 40 68 72 76 78 18 19 28 74 38 27 35 49 60 8 93 1 43 67 89 98 14 15 24 75 92 22 9 71 66 12 97 90 
TEST 130 ARG:3 76 54 60 94 80 21 63 7 24 16 17 92 39 74 77 83 72 52 66 88 75 78 40 67 20 22 5 27 95 18 2 36 8 58 98 42 14 38 90 13 44 25 49 61 93 59 10 65 23 84 19 35 1 81 0 6 34 64 53 28 33 89 51 37 99 86 26 69 71 47 91 79 70 11 62 31 50 96 48 4 45 43 46 12 55 32 68 9 82 56 15 29 85 97 41 57 30 73 87 
TEST 131 ARG:29 64 25 46 41 74 38 68 87 14 47 98 85 6 11 24 42 20 40 71 37 52 17 65 23 48 3 15 91 26 93 35 75 92 43 67 58 0 31 61 59 21 49 10 96 36 94 82 51 9 4 88 2 22 57 18 13 54 89 70 19 83 50 12 44 30 69 97 86 7 99 28 45 56 27 90 8 95 76 79 55 80 53 66 32 34 60 62 81 16 33 78 72 84 39 77 63 5 1 73 
TEST 132 ARG:29 64 77 57 96 30 55 45 23 17 71 79 33 26 69 89 14 67 60 28 11 65 74 94 6 61 10 22 34 43 66 88 59 58 92 49 9 87 8 19 15 27 93 98 1 40 95 68 44 12 54 84 31 36 16 32 41 86 2 83 47 99 70 97 48 13 85 80 46 20 4 50 25 3 42 24 39 52 56 73 18 51 82 72 37 75 35 91 7 81 78 62 76 5 38 21 0 63 90 53 
TEST 133 ARG:24 18 98 88 69 55 91 30 16 97 37 99 60 38 6 63 39 71 44 76 90 67 14 86 15 79 58 62 29 80 52 53 89 66 20 68 72 56 19 13 95 87 93 25 64 65 43 27 82 94 4 32 85 33 12 48 81 50 23 28 41 59 54 49 45 34 96 46 10 5 7 21 83 1 11 0 57 61 35 70 77 47 36 78 26 17 73 8 9 22 92 31 75 2 42 51 74 40 3 84 
TEST 134 ARG:29 1 78 40 2 27 10 66 23 7 49 9 24 71 5 80 3 18 54 0 38 95 42 56 15 44 85 19 55 81 79 60 99 69 62 92 77 83 87 34 52 16 32 13 93 43 91 96 58 74 46 84 8 6 12 68 25 37 86 4 73 45 50 64 90 41 30 31 57 72 11 98 97 59 63 94 47 75 61 36 51 33 28 39 65 88 26 22 35 76 67 53 70 20 48 17 21 14 89 82 
TEST 135 ARG:53 0 91 45 24 8 68 92 43 16 80 32 9 86 74 51 88 73 14 7 75 61 94 22 28 38 17 90 76 39 1 18 63 36 34 59 40 85 46 11 48 67 54 69 31 65 97 42 49 19 57 3 79 37 93 25 71 87 29 21 41 26 82 89 56 13 55 6 95 99 33 58 72 47 62 12 64 15 50 4 2 30 78 44 70 96 77 23 60 27 52 10 83 66 5 84 35 20 98 81 
TEST 136 ARG:57 2 85 86 9 84 23 44 98 46 21 39 62 35 81 77 42 27 91 16 17 99 54 50 24 88 41 67 4 58 60 31 56 10 11 45 43 18 90 37 83 29 69 53 15 3 51 26 73 34 32 87 7 20 13 92 30 22 89 63 74 19 66 6 5 64 40 96 94 8 95 55 97 33 52 28 71 65 47 49 1 80 68 0 36 59 82 78 38 75 70 48 76 79 14 72 12 61 93 25 
TEST 137 ARG:14 30 55 88 63 28 19 17 8 36 71 60 52 64 61 16 21 89 90 25 79 6 24 38 33 20 51 95 12 42 1 54 87 22 72 97 84 45 85 9 94 47 35 58 56 67 86 53 75 49 7 46 50 23 11 3 31 80 43 65 93 10 70 40 57 91 99 69 81 66 26 27 76 0 59 77 68 18 83 73 96 74 98 34 78 4 92 37 82 41 44 2 13 15 29 62 48 32 39 5 
TEST 138 ARG:1 56 16 89 33 91 97 34 99 81 37 43 17 90 11 0 39 23 66 45 52 93 14 38 82 83 61 51 36 67 63 41 24 46 70 65 69 2 95 25 48 76 19 22 31 53 10 84 9 58 77 50 62 7 88 4 44 5 21 13 72 73 54 29 12 60 68 47 40 18 42 92 28 74 78 75 59 26 85 87 94 8 20 71 80 86 64 30 79 32 3 15 96 35 49 98 55 6 57 27 
TEST 139 ARG:61 94 83 75 1 86 73 58 31 42 64 52 21 23 95 45 35 5 77 14 69 68 26 22 0 10 60 7 34 41 12 84 11 55 67 53 51 57 66 90 29 98 72 17 15 70 16 89 92 20 40 50 93 96 81 88 19 49 85 79 4 62 56 65 71 97 87 9 36 99 59 44 2 46 38 24 76 33 63 13 43 27 54 3 6 47 18 80 28 48 30 82 8 91 78 37 32 25 39 74 
TEST 140 ARG:87 84 25 51 17 68 10 97 8 94 89 64 65 41 60 72 98 30 74 4 76 3 43 91 18 14 99 54 38 35 95 22 59 26 55 71 20 44 67 80 36 2 61 70 42 40 23 81 85 48 96 15 50 34 21 77 90 57 0 31 69 24 12 79 53 39 13 37 88 49 5 1 63 56 45 93 32 33 62 52 7 28 27 29 16 78 11 92 73 6 83 19 46 47 86 82 9 75 66 58 
TEST 141 ARG:28 2 35 24 52 75 29 78 46 23 89 8 6 87 68 30 13 32 62 9 21 16 44 65 42 85 5 66 98 3 58 36 38 34 73 25 64 41 95 74 99 39 45 83 80 61 59 57 0 69 50 47 22 91 53 18 40 93 88 60 81 70 37 33 1 67 76 15 48 4 20 11 54 26 77 97 71 31 51 92 82 7 12 94 56 90 72 49 86 14 63 84 10 96 55 43 27 19 17 79 
TEST 142 ARG:38 57 35 41 46 90 30 32 74 45 99 0 52 2 65 97 23 62 69 36 94 86 71 43 51 49 15 28 70 34 89 98 83 37 64 11 53 25 80 85 24 27 13 61 40 29 93 63 31 81 75 67 16 22 26 77 56 96 82 20 60 54 72 8 47 42 33 91 14 58 21 59 12 39 76 10 66 6 84 7 9 78 88 92 79 95 19 87 44 4 5 17 55 3 73 1 68 48 18 50 
TEST 143 ARG:63 4 43 1 69 61 71 98 23 99 38 76 78 72 84 30 75 96 29 26 56 74 79 94 64 13 36 33 60 53 85 24 34 49 89 47 39 70 73 67 21 83 37 65 86 41 3 7 68 27 81 88 52 46 97 28 35 91 25 82 54 11 90 14 58 42 5 20 19 32 51 59 93 92 95 12 48 15 55 62 31 16 18 6 57 45 87 80 17 0 22 40 44 9 8 10 77 2 66 50 
TEST 144 ARG:97 25 57 3 61 9 37 47 60 89 68 51 15 6 78 11 0 24 4 38 21 99 54 36 63 59 20 81 12 92 23 50 10 34 95 28 76 13 87 45 71 53 52 16 88 33 70 98 55 32 2 85 22 90 44 43 17 26 65 35 73 5 48 41 27 1 14 31 75 93 19 84 77 66 74 8 79 49 56 62 86 42 64 46 91 18 72 40 94 39 69 29 83 58 7 80 67 82 30 96 
TEST 145 ARG:6 61 54 65 64 96 57 91 3 85 34 74 29 16 25 49 42 11 12 8 95 89 56 86 73 78 15 77 83 43 23 30 28 18 68 24 39 81 26 40 50 35 21 36 72 76 37 63 80 62 55 7 79 94 38 97 53 32 22 45 82 27 0 90 4 2 66 14 87 51 46 99 44 92 58 47 60 31 10 75 48 33 88 20 98 17 5 59 69 1 41 67 70 19 84 93 13 9 52 71 
TEST 146 ARG:22 93 66 39 77 73 38 12 91 18 31 9 21 53 71 15 54 51 55 60 83 62 34 27 87 63 61 70 5 17 89 80 19 2 41 88 57 32 74 95 85 43 13 99 7 3 6 92 72 94 44 69 96 50 36 37 47 82 33 25 52 64 84 11 16 26 59 46 8 30 75 28 14 20 10 42 86 0 67 97 90 23 35 65 68 98 24 45 29 1 58 76 79 56 4 49 78 40 81 48 
TEST 147 ARG:72 65 36 7 91 50 10 29 47 88 42 51 68 35 40 79 28 62 78 23 38 67 21 86 30 81 14 41 11 26 3 70 16 97 76 24 1 98 6 18 84 71 59 55 4 12 32 77 87 20 85 82 48 53 2 49 96 83 39 52 33 5 94 27 19 69 63 95 89 61 66 54 8 15 99 13 73 37 60 46 90 25 34 57 17 44 56 31 75 22 58 74 9 80 64 92 93 43 0 45 
TEST 148 ARG:6 46 82 50 56 41 94 52 87 96 59 78 54 65 20 61 48 62 80 91 77 33 40 73 55 90 79 15 83 14 17 97 28 99 81 30 88 89 76 29 22 43 31 92 24 93 13 5 53 1 63 34 47 11 37 49 8 18 74 71 21 19 98 86 51 26 9 60 69 0 23 45 35 67 25 2 3 39 70 32 68 10 16 27 4 66 44 42 64 84 7 57 36 58 75 38 95 72 12 85 
TEST 149 ARG:36 63 17 87 49 93 13 68 23 76 86 40 25 20 9 4 70 39 94 44 15 33 51 42 18 74 59 19 78 45 72 75 7 54 35 73 79 97 10 67 8 14 34 92 43 22 2 11 16 56 30 95 6 88 12 41 55 31 26 29 82 62 80 71 58 84 53 60 83 47 28 5 99 27 38 57 3 37 65 52 77 69 32 90 89 46 24 1 48 0 91 85 81 66 64 50 61 98 96 21 
TEST 150 ARG:94 14 42 31 78 87 32 90 1 25 45 13 80 62 44 39 75 2 56 30 28 53 0 88 77 71 64 66 51 15 40 67 35 24 20 16 38 79 50 8 49 12 46 10 72 86 5 81 61 22 26 59 96 37 73 92 84 9 97 36 55 93 57 27 52 74 65 18 21 48 99 85 91 89 76 34 98 63 58 68 7 19 4 29 3 82 33 69 23 43 54 60 83 95 47 6 11 41 70 17 
TEST 151 ARG:18 82 11 75 6 34 79 95 5 59 87 30 51 10 50 0 53 62 14 66 90 49 27 78 33 44 2 25 22 77 80 69 28 19 7 16 37 21 81 74 1 15 70 61 68 94 17 83 31 24 26 3 23 97 42 9 46 8 84 58 38 98 73 47 39 60 29 89 96 85 41 57 67 52 13 4 64 20 48 56 43 71 40 35 72 76 45 36 32 12 92 86 93 88 55 65 54 91 63 99 
TEST 152 ARG:20 75 47 93 2 24 89 14 64 44 59 63 30 90 76 80 96 19 88 37 8 16 4 73 99 36 26 32 62 15 28 11 91 55 46 5 9 74 13 48 87 1 54 6 78 58 45 81 77 85 83 23 52 22 60 25 18 66 33 53 61 12 84 17 97 49 43 51 21 34 92 50 95 3 29 42 69 35 10 86 94 72 68 39 7 70 98 71 79 65 57 38 41 0 82 40 67 31 56 27 
TEST 153 ARG:58 86 90 15 87 94 6 65 38 50 81 77 72 31 2 26 32 96 99 46 33 29 22 36 84 88 21 51 30 41 47 73 95 8 49 48 70 13 7 56 1 92 69 97 12 93 39 37 52 20 75 57 24 82 27 54 28 25 4 23 60 89 74 91 68 98 42 43 5 16 83 9 79 18 55 10 40 14 19 11 17 80 61 62 78 59 76 71 53 45 34 3 0 64 67 63 35 66 85 44 
TEST 154 ARG:97 32 19 50 36 69 23 30 38 78 22 12 40 87 16 28 53 46 31 77 52 72 42 76 85 64 73 56 74 43 58 29 3 68 70 41 1 80 65 95 75 89 4 0 2 13 17 47 59 25 79 57 62 93 7 91 66 24 82 26 14 96 90 71 94 27 54 83 67 92 81 45 9 99 61 37 20 21 84 48 34 51 98 33 10 8 63 49 55 5 88 18 39 6 60 15 86 44 35 11 
TEST 155 ARG:28 96 8 49 4 30 7 44 21 82 36 98 47 92 83 42 1 3 52 77 34 19 74 43 99 17 94 2 16 80 63 39 48 66 35 9 13 65 70 85 50 68 79 38 14 53 72 5 12 25 10 41 55 11 73 58 61 56 69 71 97 31 59 27 57 76 24 45 54 46 75 15 60 89 33 20 93 84 78 26 23 86 29 6 64 81 88 18 91 51 90 32 37 0 95 67 62 40 22 87 
TEST 156 ARG:19 14 58 67 80 85 68 16 73 71 84 7 83 2 39 63 29 45 66 33 95 25 60 82 13 35 56 79 30 49 57 81 3 15 52 5 27 22 77 38 87 43 24 97 37 41 26 54 69 18 64 59 55 4 23 86 72 11 65 20 96 21 17 34 32 48 6 62 91 53 8 78 98 44 40 93 9 47 88 0 31 1 99 75 76 94 50 90 92 10 46 74 12 70 89 61 51 42 36 28 
TEST 157 ARG:27 39 42 69 34 64 9 80 59 95 8 98 2 91 32 90 66 93 50 83 29 35 1 56 97 82 96 86 10 79 92 5 7 4 37 6 72 84 81 18 51 87 75 60 57 28 70 88 20 14 13 17 77 94 63 78 43 38 11 67 3 65 48 55 46 45 40 44 21 19 54 99 31 41 73 74 33 30 68 25 15 61 76 85 62 49 58 71 26 23 47 52 53 0 89 12 36 22 16 24 
TEST 158 ARG:76 82 83 87 6 35 31 46 58 19 7 38 95 52 74 85 10 20 90 94 50 86 33 42 48 32 3 37 68 59 4 11 78 9 54 49 39 34 70 30 5 27 69 1 89 47 96 17 61 99 60 41 98 18 44 26 62 51 57 77 23 22 63 65 45 55 53 80 73 0 12 28 15 36 72 2 92 56 81 84 14 75 67 8 71 66 93 13 79 43 88 24 97 29 21 25 91 16 64 40 
TEST 159 ARG:41 20 52 86 95 62 84 60 43 34 11 16 32 42 73 31 56 17 28 27 67 57 12 18 89 36 76 88 19 24 38 68 75 23 1 85 61 53 40 29 39 37 99 15 33 96 0 35 90 79 14 80 46 72 10 48 69 78 87 91 44 66 65 63 25 54 21 49 2 26 5 13 45 22 51 7 92 83 70 64 97 4 9 47 71 55 82 3 59 77 74 98 30 6 81 58 8 93 50 94 
TEST 160 ARG:88 93 56 97 89 99 85 74 58 44 70 5 45 15 82 35 60 14 55 41 94 71 50 36 75 76 13 34 92 46 53 16 54 62 39 67 90 27 25 69 84 24 42 95 11 40 9 19 57 59 77 80 66 17 72 21 68 64 63 18 61 6 86 48 49 51 79 78 0 96 98 38 91 37 29 43 83 33 31 12 20 4 52 81 1 3 32 87 28 22 65 10 7 23 2 47 73 30 26 8 
TEST 161 ARG:61 53 47 88 84 87 86 8 3 81 97 59 80 25 1 10 31 20 95 51 0 23 75 15 46 69 74 77 18 65 67 32 90 49 96 71 45 24 17 91 57 43 94 76 19 35 41 28 72 64 73 33 38 60 93 68 40 85 29 78 36 83 34 42 11 27 48 13 26 12 50 22 79 14 56 54 99 63 2 5 4 30 6 16 9 21 98 89 66 55 52 44 7 39 62 70 37 58 82 92 
TEST 162 ARG:73 40 89 78 95 29 60 87 91 52 6 63 15 1 79 58 64 86 46 17 24 11 13 83 67 18 68 8 12 85 84 72 44 0 22 81 92 5 74 97 48 39 82 36 14 76 93 28 37 71 77 98 47 25 61 88 56 30 3 31 10 26 94 49 90 69 32 99 34 51 65 27 80 23 55 33 50 57 59 66 75 96 54 45 4 38 53 43 21 42 35 9 62 19 7 41 70 2 20 16 
TEST 163 ARG:92 16 25 77 82 99 52 64 45 61 91 0 28 12 87 10 4 49 90 9 7 83 51 5 43 89 98 46 95 20 73 8 85 86 72 2 48 55 29 69 40 70 59 11 24 44 17 6 32 78 80 47 38 22 15 35 63 30 31 42 65 93 53 23 66 60 34 79 71 62 18 54 41 39 84 56 50 14 21 36 1 13 76 96 37 26 57 74 81 3 75 58 33 19 94 67 27 68 97 88 
TEST 164 ARG:20 70 21 40 96 5 69 25 24 0 9 82 26 53 68 49 56 29 81 52 36 10 50 17 1 13 18 71 66 45 33 72 85 27 97 15 22 54 92 42 98 89 35 61 83 6 78 44 99 3 41 11 16 94 57 38 87 43 80 8 31 91 63 30 12 7 2 14 37 79 64 95 60 93 86 48 4 73 84 55 34 76 59 88 65 77 39 46 19 58 74 90 62 51 75 28 23 67 47 32 
TEST 165 ARG:71 88 7 16 36 54 80 38 86 75 30 67 59 62 99 65 90 77 23 17 41 61 94 19 51 24 76 46 28 26 64 44 55 84 27 72 83 42 40 2 48 8 85 47 34 58 53 33 92 66 79 49 1 45 91 13 57 97 95 20 37 35 70 73 87 29 78 15 96 25 93 14 31 69 82 98 10 3 32 39 4 81 68 5 89 12 74 60 63 0 6 21 11 50 22 9 18 56 43 52 
TEST 166 ARG:43 53 49 87 0 9 63 32 79 70 76 41 22 3 57 71 82 84 33 17 51 31 97 46 21 67 10 61 27 80 38 29 66 36 59 5 65 86 91 16 2 8 26 45 81 48 23 75 96 19 7 39 11 83 93 88 95 42 47 25 1 73 90 12 68 85 99 56 64 60 62 77 28 4 15 89 34 35 54 40 37 30 78 44 50 72 20 18 24 58 74 13 52 55 14 94 98 69 6 92 
TEST 167 ARG:72 82 90 42 32 33 98 57 31 19 21 87 26 76 17 54 84 89 81 11 91 3 85 27 95 47 93 48 30 51 79 39 77 94 52 15 86 0 83 34 49 46 4 50 59 28 43 20 5 66 62 24 38 13 63 8 67 75 12 25 16 44 37 69 70 68 78 97 58 73 9 22 1 7 29 40 23 36 65 35 74 60 61 41 14 6 18 56 71 45 80 10 64 92 99 2 53 55 96 88 
TEST 168 ARG:34 38 27 29 28 13 96 82 49 90 42 88 4 65 24 25 89 74 43 31 20 8 37 19 71 18 84 68 22 26 55 11 69 97 57 44 12 63 79 3 80 94 93 98 46 9 86 17 76 61 23 73 16 87 41 59 51 95 21 1 10 0 56 58 92 40 7 60 36 91 32 2 45 50 72 99 15 52 5 64 30 62 6 78 67 66 33 83 14 47 54 85 35 81 77 75 39 70 48 53 
TEST 169 ARG:7 80 52 40 89 85 60 38 93 62 12 73 18 92 47 30 24 87 32 86 31 44 14 69 95 6 3 11 13 67 0 77 48 59 54 61 76 96 22 8 55 71 88 9 29 94 19 41 75 5 83 53 99 26 4 66 65 78 17 28 27 64 68 74 72 90 39 79 84 36 97 70 16 57 46 1 63 25 15 51 43 81 23 42 21 49 98 56 20 35 33 82 91 10 50 37 58 34 2 45 
TEST 170 ARG:64 3 69 22 48 10 4 33 13 93 73 9 37 97 78 19 34 82 12 92 71 45 74 85 7 59 72 20 38 2 86 62 79 88 63 39 89 43 18 36 81 68 96 87 47 67 23 30 5 98 44 0 46 61 90 32 16 54 27 6 75 21 95 49 42 50 99 35 29 66 53 28 60 94 77 8 25 70 17 58 24 51 56 11 15 65 84 40 52 14 31 76 41 91 80 1 57 83 26 55 
TEST 171 ARG:65 29 79 54 33 80 99 2 40 97 27 7 35 77 1 8 20 47 37 12 0 56 62 10 52 50 39 84 3 30 64 85 6 73 93 74 41 90 34 51 55 42 57 58 16 76 87 15 98 32 5 70 18 59 21 4 14 92 49 17 89 36 69 44 68 24 82 25 71 88 61 13 66 67 11 38 46 95 48 75 9 53 43 78 86 22 83 23 45 60 96 81 28 26 19 94 31 91 72 63 
TEST 172 ARG:58 15 3 98 48 14 77 5 6 81 76 91 19 11 9 97 88 72 78 71 31 62 84 75 95 49 70 28 30 99 32 38 69 7 67 36 13 86 82 12 43 33 21 16 52 47 59 94 45 46 85 87 4 65 41 96 54 79 92 35 50 25 55 93 2 26 18 10 20 40 37 24 61 1 89 56 66 64 57 53 23 60 74 29 51 34 83 68 90 42 22 39 0 17 44 80 63 8 73 27 
TEST 173 ARG:90 23 46 76 14 77 41 95 1 20 80 5 75 47 62 11 17 44 16 72 3 25 45 53 10 56 28 96 59 73 98 65 49 34 39 51 8 88 70 91 26 82 4 27 63 57 38 60 6 43 40 31 2 93 97 22 86 42 78 19 29 85 99 37 0 52 71 21 48 13 61 36 67 94 83 81 24 9 18 7 64 66 35 79 68 15 54 89 12 55 69 92 32 84 30 58 33 87 50 74 
TEST 174 ARG:57 34 73 44 42 23 13 97 64 33 32 51 98 67 21 25 68 78 0 9 24 12 84 39 94 22 46 11 7 28 41 55 53 83 5 14 63 15 66 8 47 72 20 2 92 65 38 85 35 82 87 31 6 62 1 26 49 17 19 90 43 77 89 70 3 74 40 76 91 61 86 88 16 69 18 79 75 54 93 60 95 59 50 37 48 36 10 80 4 71 45 52 81 58 96 30 99 27 29 56 
TEST 175 ARG:33 24 36 28 80 16 77 2 50 18 61 5 26 34 62 56 44 93 12 25 86 74 63 96 87 39 51 85 32 57 79 76 27 82 9 38 10 59 67 89 20 0 3 88 98 60 43 42 69 83 7 70 68 11 91 47 53 84 81 99 45 48 29 1 64 35 8 37 19 41 17 66 21 40 75 72 4 90 46 23 55 97 6 78 52 95 13 31 94 54 65 58 22 30 49 14 92 73 71 15 
TEST 176 ARG:61 17 76 7 86 26 48 67 96 57 66 27 60 68 75 94 84 8 65 99 43 31 4 20 45 80 79 13 32 83 34 21 93 52 10 12 18 82 95 47 1 81 97 73 0 22 11 51 70 44 89 54 41 38 59 3 63 56 69 35 78 85 77 91 24 92 62 58 9 15 30 36 33 25 2 37 5 28 87 88 46 53 39 16 19 98 50 40 6 49 42 64 23 74 29 14 55 72 90 71 
TEST 177 ARG:13 98 55 47 86 8 42 88 9 36 65 44 99 84 96 35 77 40 14 73 74 38 70 50 76 23 94 21 24 16 53 68 31 52 7 39 17 62 1 33 67 26 91 66 71 58 93 6 82 30 4 57 51 3 12 11 0 19 63 69 29 20 34 22 56 60 61 54 43 27 28 59 81 78 95 72 41 80 10 85 83 79 5 92 49 15 18 97 89 2 48 46 64 75 90 37 32 45 25 87 
TEST 178 ARG:20 97 11 94 2 71 32 12 43 67 92 91 30 54 14 3 85 63 86 93 15 6 34 70 8 80 9 76 52 55 39 49 69 48 35 89 64 41 84 25 45 68 62 10 37 36 27 18 98 31 81 40 42 78 77 33 44 17 26 87 61 19 58 59 56 47 4 65 53 5 46 23 38 50 57 75 0 21 99 83 28 60 74 66 73 29 79 16 7 88 51 90 24 1 82 96 13 95 72 22 
TEST 179 ARG:30 44 45 82 46 11 1 85 57 25 59 96 97 48 74 52 21 12 34 65 9 68 40 50 18 71 23 92 8 73 87 33 78 69 63 95 80 90 53 26 88 67 79 39 19 4 81 22 76 2 17 54 72 5 35 20 38 77 60 0 15 14 28 56 7 98 6 36 32 27 66 75 61 70 31 94 37 86 51 91 43 41 47 42 10 89 24 84 83 13 16 55 64 3 49 58 93 62 99 29 
TEST 180 ARG:76 88 53 9 1 45 66 5 37 97 34 98 47 0 69 68 46 86 59 58 84 20 24 33 74 8 27 85 65 48 89 36 30 73 62 79 21 25 29 71 72 7 82 50 54 12 23 51 42 95 10 52 55 26 17 3 93 28 90 2 49 40 63 41 80 11 31 18 60 6 39 43 91 13 44 70 19 81 57 56 92 35 32 64 16 4 78 99 38 14 83 94 96 75 77 67 15 22 61 87 
TEST 181 ARG:25 97 57 59 17 61 48 82 47 79 69 53 16 89 73 23 71 54 45 75 72 52 2 74 21 27 46 62 3 1 63 68 22 9 35 86 88 66 28 90 41 43 67 7 10 29 99 85 98 56 32 24 39 12 26 84 13 11 96 64 50 60 30 15 0 36 91 33 5 55 19 78 49 42 14 76 94 6 92 20 80 4 83 87 70 38 65 34 18 77 81 40 44 51 8 37 58 31 93 95 
TEST 182 ARG:78 38 70 26 19 89 64 5 76 14 49 55 18 46 6 20 21 53 73 0 62 10 79 12 25 44 33 41 84 61 66 97 3 75 9 8 51 77 98 24 87 43 30 63 36 23 2 83 58 13 1 69 40 60 92 31 91 28 96 52 74 16 45 17 90 94 39 88 34 82 4 29 72 22 86 56 47 50 85 95 81 57 27 68 15 42 35 11 48 32 65 7 93 71 99 59 67 37 54 80 
TEST 183 ARG:23 28 99 54 24 36 26 32 79 15 70 69 27 53 20 46 71 98 43 76 30 96 78 13 73 94 39 9 84 83 37 75 91 45 3 57 65 11 51 40 33 0 2 68 56 38 80 55 16 48 92 58 42 17 47 59 52 67 31 62 18 49 82 85 90 44 21 25 95 34 63 93 64 10 50 41 72 7 8 97 29 66 61 4 14 77 12 35 6 60 89 86 81 19 88 74 5 22 1 87 
TEST 184 ARG:63 85 52 73 53 82 75 96 5 88 83 79 21 1 8 14 2 18 27 4 34 50 72 41 3 70 39 48 67 49 91 19 59 99 47 66 68 29 44 35 43 17 32 84 56 74 7 9 95 11 40 36 62 65 45 81 76 6 13 15 64 37 78 20 86 89 60 0 57 87 42 80 58 46 12 24 28 26 77 38 92 69 25 71 55 94 22 54 98 90 30 51 10 31 93 16 33 97 23 61 
TEST 185 ARG:21 64 35 85 38 50 37 5 72 96 3 41 18 39 45 71 76 23 2 13 91 43 48 33 12 14 65 11 69 4 77 20 89 86 49 26 88 66 83 75 57 17 25 31 28 60 78 53 15 1 7 79 97 74 0 94 51 34 22 56 32 82 58 62 67 8 36 42 84 63 9 6 10 68 98 59 40 90 92 30 99 81 93 87 55 44 80 95 61 52 73 47 19 27 24 16 46 54 70 29 
TEST 186 ARG:4 42 37 15 67 6 99 86 68 62 54 73 80 28 70 82 45 64 87 77 95 11 5 34 14 10 38 22 75 88 1 90 72 56 85 16 60 48 76 24 9 79 96 12 7 30 8 25 63 84 3 81 71 13 98 50 58 32 53 97 44 46 49 18 61 29 39 26 52 43 23 89 41 93 51 91 31 65 20 0 19 40 36 17 83 78 33 27 55 47 92 74 94 66 57 59 2 21 35 69 
TEST 187 ARG:72 8 84 93 87 47 92 55 1 49 76 14 44 97 99 27 38 43 74 22 7 19 73 41 45 59 86 31 64 69 88 95 68 28 39 82 52 78 83 65 80 4 29 71 98 63 11 67 24 79 53 62 37 75 6 51 25 9 26 60 61 15 89 0 10 5 18 90 21 56 16 94 30 23 46 96 85 13 17 77 57 66 35 40 70 58 3 42 54 20 33 32 91 12 2 81 48 50 34 36 
TEST 188 ARG:78 59 39 43 25 50 66 11 65 67 16 24 4 61 91 94 70 57 12 73 1 92 63 52 41 44 19 37 86 68 0 99 64 3 81 48 82 38 18 31 46 84 55 21 30 72 35 45 36 32 49 90 33 42 17 53 6 27 13 95 40 10 80 51 89 97 69 75 7 76 71 14 34 58 47 8 88 87 20 93 22 26 23 83 15 62 29 96 74 5 28 56 77 60 2 79 54 85 98 9 
TEST 189 ARG:70 90 77 1 71 16 74 9 61 68 98 97 83 58 46 28 87 72 27 96 42 69 25 10 62 45 78 4 52 81 39 65 95 38 12 30 48 57 32 26 94 29 56 5 82 41 93 0 15 6 79 37 23 33 17 63 44 47 60 35 11 40 99 50 64 19 54 84 36 92 75 85 53 13 86 31 51 21 88 8 67 43 22 89 18 91 49 55 34 59 7 20 3 24 76 2 80 14 66 73 
TEST 190 ARG:7 29 95 82 14 75 51 66 87 96 97 16 32 2 1 39 36 6 57 26 67 48 59 72 24 54 42 53 76 13 74 81 91 10 69 62 70 31 78 20 44 90 63 88 11 50 77 64 4 17 65 68 3 43 22 55 56 9 89 45 0 12 19 38 15 52 58 92 21 47 61 49 94 33 60 46 25 71 84 41 35 93 80 30 18 27 37 83 23 5 98 79 85 86 34 8 99 73 28 40 
TEST 191 ARG:97 25 68 3 34 26 11 44 64 57 30 86 27 5 17 67 20 29 48 63 79 65 41 93 87 1 73 71 39 15 38 35 2 85 83 80 32 66 52 22 72 10 75 31 28 56 88 13 24 98 96 62 95 77 84 50 43 91 53 14 70 59 92 23 74 89 18 16 61 21 54 90 51 4 19 45 6 40 76 82 81 69 55 9 99 58 37 8 46 12 47 60 78 0 49 36 7 33 42 94 
TEST 192 ARG:77 85 67 75 99 97 21 56 51 10 70 80 61 0 8 52 7 28 98 35 89 64 36 91 55 23 63 94 71 90 39 54 25 15 66 22 87 47 95 88 76 60 19 40 49 58 44 14 12 24 13 4 9 69 1 27 3 74 11 34 29 5 83 20 93 30 92 79 68 33 31 72 86 6 73 37 46 65 42 2 41 45 16 57 81 96 59 38 43 17 18 84 50 48 62 26 32 82 53 78 
TEST 193 ARG:51 74 15 47 18 85 41 31 55 44 72 2 63 92 76 48 46 34 93 21 5 6 23 90 7 67 56 77 10 71 96 32 84 95 61 75 22 39 26 98 66 73 37 69 80 42 33 68 83 0 54 97 17 13 3 16 11 50 28 14 1 57 94 59 30 4 24 87 45 86 19 12 36 25 20 27 40 38 43 29 89 65 53 99 79 78 58 52 8 35 82 91 60 88 9 81 49 64 70 62 
TEST 194 ARG:68 55 87 80 50 36 84 88 39 99 67 76 94 1 71 72 51 10 38 83 66 90 54 28 75 73 69 81 96 5 4 53 23 25 26 33 86 7 8 27 95 78 9 62 34 85 46 63 49 92 58 82 98 18 35 91 47 12 2 57 74 29 77 40 48 44 19 61 15 11 37 59 31 32 14 89 70 97 24 45 56 3 22 30 41 60 16 21 65 52 0 64 43 20 93 42 79 17 13 6 
TEST 195 ARG:94 75 13 2 91 33 43 95 81 48 20 35 8 22 58 30 60 42 54 65 70 45 62 74 4 31 9 82 71 15 28 11 52 73 37 1 90 79 27 69 14 66 72 63 93 80 44 23 24 41 84 77 16 7 5 55 40 67 38 96 53 47 92 56 78 98 29 76 97 64 25 0 6 86 26 17 19 83 18 12 51 50 46 32 61 39 99 49 68 85 3 87 34 10 89 57 36 59 21 88 
TEST 196 ARG:7 61 47 4 86 37 83 54 75 63 6 31 55 73 25 68 95 34 22 82 51 96 80 99 88 94 39 48 85 11 62 5 28 81 21 18 78 43 76 33 23 89 44 35 0 74 87 27 32 17 36 58 59 15 24 71 29 98 60 10 67 40 53 46 16 72 84 52 9 77 93 38 57 64 91 30 70 3 79 14 13 65 49 19 90 66 97 1 12 69 92 42 2 45 41 8 26 20 56 50 
TEST 197 ARG:35 62 92 87 10 44 71 89 33 48 80 69 41 50 40 57 25 2 85 72 75 17 63 79 32 34 8 39 38 7 97 99 26 90 77 14 60 83 47 93 96 11 5 94 68 74 65 30 64 78 84 19 28 51 6 81 3 4 9 37 29 95 24 91 58 12 22 73 53 59 88 49 98 66 82 16 54 36 86 31 18 27 23 0 42 1 21 52 76 20 67 70 43 61 45 55 56 46 13 15 
TEST 198 ARG:18 58 25 28 66 9 7 48 43 29 88 47 36 27 19 23 80 71 69 54 5 91 78 8 87 39 77 38 84 4 98 26 68 2 6 94 52 0 12 81 46 21 65 92 35 49 53 50 93 74 99 60 32 56 10 79 22 67 72 89 13 3 24 16 75 15 34 44 57 96 1 42 64 59 20 31 85 73 30 37 61 86 83 95 41 62 70 40 55 76 11 17 97 45 14 33 51 90 63 82 
TEST 199 ARG:45 73 47 67 35 87 72 92 52 39 30 42 7 49 50 37 68 54 58 64 53 16 20 41 1 10 2 98 12 90 74 46 81 33 69 22 25 24 8 3 56 26 79 9 13 76 48 71 28 31 88 99 38 70 27 83 60 6 84 95 66 57 4 19 80 82 40 17 36 62 11 93 85 77 59 97 15 75 23 89 44 63 5 51 61 14 55 21 0 18 96 91 29 65 43 94 86 34 78 32 
TEST 200 ARG:70 0 10 65 79 76 56 64 87 31 22 50 53 84 17 47 52 93 30 85 21 16 80 55 25 6 3 11 1 40 34 61 49 51 81 32 24 20 26 92 89 88 73 86 97 69 68 63 29 74 37 13 23 5 14 98 12 72 42 66 71 46 41 48 77 75 39 94 45 96 43 44 91 7 2 95 38 9 57 19 35 27 4 83 33 78 90 60 59 15 67 62 36 99 82 58 8 28 54 18 
